image: ./rtabmap2.pgm
resolution: 0.050000
origin: [-5.975000, -5.975000, 0.000000]
negate: 0
occupied_thresh: 0.65
free_thresh: 0.196

